1.120195089650082e+03
1.270683171353674e+03
1.219885231502588e+03
1.275540699158366e+03
1.250923634195853e+03
1.230860749156993e+03
1.504608170313204e+03
1.018780968528168e+03
1.340457922713947e+03
1.320563595765861e+03
1.315602438551261e+03
1.358256239113939e+03
9.999197073712161e+02
1.355108317742214e+03
1.360121177713178e+03
1.237550695216255e+03
1.395882372278832e+03
1.423137591177330e+03
1.193700917710798e+03
1.332193684365555e+03
1.003317417309821e+03
1.253527954528729e+03
1.254699159034998e+03
1.044827736823550e+03
1.326166044251592e+03
1.247447258063444e+03
1.434488174012199e+03
1.337742658240959e+03
9.762449004201404e+02
1.260499245387414e+03
1.333468748246489e+03
1.261267177451718e+03
1.074638605035176e+03
1.165711494890815e+03
1.409399322902733e+03
1.504362203262146e+03
9.000652583385531e+02
1.601200434017452e+03
1.077554988445914e+03
9.685983068144809e+02
1.150830546418800e+03
1.257713696211121e+03
1.263171032500838e+03
1.280277713386986e+03
1.110576398365574e+03
1.176365312696058e+03
1.199120285703607e+03
1.011164018500143e+03
9.510422939894249e+02
1.105111345857794e+03
1.080907759168036e+03
1.138684798932997e+03
1.049720056913797e+03
1.280112296597737e+03
1.250957820872473e+03
1.151059546352664e+03
1.067747028687039e+03
1.728382258934557e+03
1.105550309722829e+03
1.196329976572060e+03
1.169664226443789e+03
1.085582179947499e+03
1.157669722401788e+03
1.295419981331912e+03
1.238406516298991e+03
1.313794008616805e+03
1.185534564070368e+03
1.065066399132973e+03
1.122531033257969e+03
1.431009837974013e+03
1.259579161039836e+03
1.264365680166767e+03
1.286202886627132e+03
1.167680128417231e+03
1.219159703689905e+03
1.351852237517128e+03
1.508420083846102e+03
1.102885907871916e+03
1.076686943895533e+03
1.576964826370087e+03
1.417625227283584e+03
1.209565276309393e+03
1.347542386319881e+03
1.182079994865546e+03
1.570268291912049e+03
1.277214724409994e+03
1.048155593541932e+03
1.091572648421222e+03
1.394528701071971e+03
1.218538809582886e+03
1.274109335521199e+03
1.096945557775324e+03
1.532059783980718e+03
1.251565734508117e+03
1.279458768254633e+03
1.122982154554880e+03
1.397258438154795e+03
1.168600369910927e+03
1.220727826396019e+03
1.064288294401289e+03
