2.499999999999999e+00
2.500000000000000e+00
2.500000000000001e+00
2.500000000000000e+00
2.500000000000001e+00
2.499999999999999e+00
2.500000000000000e+00
2.500000000000001e+00
2.499999999999999e+00
2.500000000000000e+00
2.500000000000000e+00
2.500000000000000e+00
2.500000000000000e+00
2.499999999999999e+00
2.500000000000000e+00
2.499999999999999e+00
2.500000000000000e+00
2.500000000000000e+00
2.500000000000000e+00
2.499999999999999e+00
2.500000000000000e+00
2.500000000000000e+00
2.500000000000001e+00
2.500000000000000e+00
2.500000000000000e+00
2.499999999999999e+00
2.500000000000001e+00
2.499999999999999e+00
2.500000000000000e+00
2.500000000000001e+00
2.500000000000000e+00
2.500000000000000e+00
2.500000000000000e+00
2.500000000000000e+00
2.500000000000001e+00
2.500000000000001e+00
2.499999999999999e+00
2.500000000000000e+00
2.500000000000000e+00
2.500000000000000e+00
2.499999999999999e+00
2.500000000000001e+00
2.500000000000003e+00
2.500000000000000e+00
2.500000000000000e+00
2.499999999999999e+00
2.500000000000000e+00
2.500000000000001e+00
2.500000000000000e+00
2.500000000000000e+00
2.500000000000001e+00
2.500000000000000e+00
2.500000000000000e+00
2.499999999999998e+00
2.499999999999999e+00
2.500000000000000e+00
2.500000000000000e+00
2.500000000000000e+00
2.500000000000001e+00
2.500000000000001e+00
2.500000000000000e+00
2.500000000000000e+00
2.500000000000000e+00
2.499999999999999e+00
2.500000000000000e+00
2.500000000000001e+00
2.499999999999999e+00
2.500000000000001e+00
2.500000000000001e+00
2.499999999999999e+00
2.500000000000000e+00
2.500000000000000e+00
2.500000000000000e+00
2.500000000000000e+00
2.500000000000000e+00
2.500000000000001e+00
2.500000000000000e+00
2.500000000000000e+00
2.500000000000001e+00
2.499999999999999e+00
2.500000000000002e+00
2.499999999999999e+00
2.499999999999999e+00
2.499999999999999e+00
2.500000000000000e+00
2.500000000000001e+00
2.500000000000000e+00
2.500000000000000e+00
2.500000000000000e+00
2.500000000000001e+00
2.500000000000000e+00
2.500000000000000e+00
2.500000000000000e+00
2.499999999999999e+00
2.499999999999999e+00
2.499999999999999e+00
2.499999999999999e+00
2.500000000000000e+00
2.500000000000000e+00
2.500000000000000e+00
