2.500000000000000e+00
2.500000000000000e+00
2.500000000000000e+00
2.499999999999999e+00
2.500000000000001e+00
2.500000000000000e+00
2.500000000000001e+00
2.500000000000001e+00
2.500000000000000e+00
2.500000000000001e+00
2.500000000000000e+00
2.500000000000000e+00
2.499999999999999e+00
2.499999999999999e+00
2.500000000000000e+00
2.499999999999999e+00
2.500000000000000e+00
2.500000000000000e+00
2.500000000000000e+00
2.500000000000000e+00
2.500000000000000e+00
2.500000000000000e+00
2.500000000000000e+00
2.500000000000000e+00
2.500000000000000e+00
2.500000000000000e+00
2.500000000000001e+00
2.500000000000000e+00
2.500000000000001e+00
2.500000000000000e+00
2.500000000000000e+00
2.500000000000000e+00
2.500000000000000e+00
2.500000000000000e+00
2.500000000000000e+00
2.500000000000001e+00
2.500000000000000e+00
2.500000000000000e+00
2.500000000000001e+00
2.500000000000000e+00
2.500000000000000e+00
2.500000000000001e+00
2.500000000000000e+00
2.500000000000001e+00
2.500000000000000e+00
2.499999999999999e+00
2.500000000000000e+00
2.500000000000000e+00
2.500000000000000e+00
2.500000000000000e+00
2.500000000000000e+00
2.500000000000000e+00
2.500000000000000e+00
2.499999999999999e+00
2.499999999999999e+00
2.500000000000000e+00
2.500000000000000e+00
2.500000000000000e+00
2.500000000000001e+00
2.500000000000001e+00
2.500000000000000e+00
2.500000000000000e+00
2.500000000000000e+00
2.499999999999999e+00
2.500000000000000e+00
2.500000000000001e+00
2.500000000000000e+00
2.500000000000001e+00
2.500000000000001e+00
2.500000000000000e+00
2.499999999999999e+00
2.500000000000000e+00
2.500000000000000e+00
2.499999999999999e+00
2.500000000000000e+00
2.500000000000001e+00
2.500000000000000e+00
2.500000000000000e+00
2.500000000000001e+00
2.500000000000000e+00
2.500000000000001e+00
2.499999999999999e+00
2.499999999999999e+00
2.499999999999999e+00
2.500000000000000e+00
2.500000000000001e+00
2.500000000000000e+00
2.500000000000000e+00
2.500000000000000e+00
2.500000000000001e+00
2.500000000000000e+00
2.500000000000000e+00
2.500000000000000e+00
2.499999999999999e+00
2.500000000000000e+00
2.499999999999999e+00
2.499999999999999e+00
2.500000000000000e+00
2.500000000000000e+00
2.500000000000001e+00
